object={
	name="tree_leaf_high_generator_1_0"
	clamp_to_water_level=no
	render_under_water=no
	generated_content=yes
	layer="tree_high_layer"
	pdxmesh="tree_leaf_01_a_mesh"
	count=168
	transform="2926.031250 0.000000 831.469971 0.000000 0.998910 0.000000 0.046684 0.790300 0.790300 0.790300
2929.264404 0.000000 830.173767 0.000000 0.459466 0.000000 -0.888195 1.000908 1.000908 1.000908
2877.913086 0.000000 854.273193 0.000000 0.299762 0.000000 0.954014 0.463615 0.463615 0.463615
2880.362305 0.000000 865.962524 0.000000 0.336636 0.000000 0.941635 0.787742 0.787742 0.787742
2891.506104 0.000000 847.225464 0.000000 0.596083 0.000000 0.802923 0.777659 0.777659 0.777659
2931.519043 0.000000 873.503357 0.000000 0.591188 0.000000 0.806533 0.322146 0.322146 0.322146
2902.657471 0.000000 872.336121 0.000000 0.174043 0.000000 0.984738 0.721940 0.721940 0.721940
2891.431641 0.000000 864.964294 0.000000 0.760986 0.000000 0.648768 0.465835 0.465835 0.465835
2912.223877 0.000000 833.602356 0.000000 0.911423 0.000000 0.411471 0.766121 0.766121 0.766121
2885.094482 0.000000 859.901794 0.000000 0.870273 0.000000 -0.492569 0.847318 0.847318 0.847318
2922.065674 0.000000 869.130798 0.000000 0.880529 0.000000 -0.473992 0.840437 0.840437 0.840437
2893.691162 0.000000 856.359741 0.000000 0.993461 0.000000 -0.114175 0.813255 0.813255 0.813255
2943.627930 0.000000 853.666199 0.000000 0.934816 0.000000 -0.355133 0.946472 0.946472 0.946472
2928.268066 0.000000 873.813538 0.000000 0.689572 0.000000 0.724217 0.503987 0.503987 0.503987
2890.043701 0.000000 867.260742 0.000000 0.908206 0.000000 -0.418524 0.851747 0.851747 0.851747
2933.370361 0.000000 834.839783 0.000000 0.863338 0.000000 0.504627 0.717598 0.717598 0.717598
2894.196289 0.000000 837.058411 0.000000 0.689618 0.000000 -0.724173 0.897046 0.897046 0.897046
2932.892090 0.000000 875.650146 0.000000 0.775306 0.000000 -0.631586 1.067600 1.067600 1.067600
2934.792725 0.000000 877.824646 0.000000 0.558449 0.000000 -0.829539 1.298235 1.298235 1.298235
2939.374756 0.000000 877.986877 0.000000 0.448389 0.000000 0.893839 0.236803 0.236803 0.236803
2927.350830 0.000000 835.701965 0.000000 0.949593 0.000000 -0.313486 0.840758 0.840758 0.840758
2893.455322 0.000000 863.315735 0.000000 0.618838 0.000000 -0.785518 1.094145 1.094145 1.094145
2925.236816 0.000000 870.486511 0.000000 0.436026 0.000000 0.899934 0.594275 0.594275 0.594275
2941.525635 0.000000 877.269470 0.000000 0.915277 0.000000 0.402826 0.614515 0.614515 0.614515
2907.413574 0.000000 871.259033 0.000000 0.856957 0.000000 -0.515388 0.962214 0.962214 0.962214
2917.720459 0.000000 869.959656 0.000000 0.169888 0.000000 0.985463 0.500796 0.500796 0.500796
2897.017578 0.000000 866.061462 0.000000 0.863082 0.000000 0.505064 0.635038 0.635038 0.635038
2937.327637 0.000000 877.326416 0.000000 0.793306 0.000000 -0.608823 1.133373 1.133373 1.133373
2942.134033 0.000000 869.817993 0.000000 0.890920 0.000000 0.454160 0.657825 0.657825 0.657825
2907.178711 0.000000 834.273926 0.000000 0.986390 0.000000 0.164420 0.772949 0.772949 0.772949
2942.878174 0.000000 863.392944 0.000000 0.821061 0.000000 -0.570841 1.032969 1.032969 1.032969
2894.413330 0.000000 840.866150 0.000000 0.993213 0.000000 0.116308 0.773225 0.773225 0.773225
2894.772949 0.000000 866.770325 0.000000 0.968833 0.000000 0.247715 0.717508 0.717508 0.717508
2930.896973 0.000000 875.409302 0.000000 0.489220 0.000000 -0.872160 1.047604 1.047604 1.047604
2894.342041 0.000000 854.389771 0.000000 0.983575 0.000000 0.180499 0.768101 0.768101 0.768101
2914.406250 0.000000 870.511475 0.000000 0.402540 0.000000 -0.915403 1.061010 1.061010 1.061010
2897.538574 0.000000 839.970886 0.000000 0.995493 0.000000 0.094834 0.778944 0.778944 0.778944
2883.718994 0.000000 862.930237 0.000000 0.466509 0.000000 -0.884517 1.049310 1.049310 1.049310
2893.301758 0.000000 865.396667 0.000000 0.587597 0.000000 0.809154 0.319881 0.319881 0.319881
2911.626465 0.000000 871.703308 0.000000 0.337123 0.000000 -0.941461 1.194528 1.194528 1.194528
2899.829590 0.000000 867.759338 0.000000 0.377680 0.000000 0.925936 0.516351 0.516351 0.516351
2896.545898 0.000000 837.390320 0.000000 0.942260 0.000000 0.334883 0.694969 0.694969 0.694969
2908.260254 0.000000 837.589722 0.000000 0.844829 0.000000 0.535037 0.664695 0.664695 0.664695
2891.347900 0.000000 863.106140 0.000000 0.900095 0.000000 -0.435694 1.019691 1.019691 1.019691
2921.347412 0.000000 870.858154 0.000000 0.981872 0.000000 -0.189545 0.849894 0.849894 0.849894
2938.133301 0.000000 875.531982 0.000000 0.039113 0.000000 -0.999235 1.307814 1.307814 1.307814
2929.828613 0.000000 872.781372 0.000000 0.876909 0.000000 -0.480656 0.983260 0.983260 0.983260
2915.949463 0.000000 834.182434 0.000000 0.390071 0.000000 0.920785 0.479839 0.479839 0.479839
2898.108643 0.000000 835.908386 0.000000 0.690807 0.000000 0.723039 0.632128 0.632128 0.632128
2889.403564 0.000000 865.073425 0.000000 0.266312 0.000000 0.963887 0.404972 0.404972 0.404972
2904.994385 0.000000 837.342224 0.000000 0.381171 0.000000 -0.924505 1.096882 1.096882 1.096882
2922.117188 0.000000 832.399536 0.000000 0.775762 0.000000 -0.631026 0.944570 0.944570 0.944570
2895.142334 0.000000 848.366821 0.000000 0.720659 0.000000 0.693289 0.594984 0.594984 0.594984
2899.758057 0.000000 839.075439 0.000000 0.855065 0.000000 -0.518522 0.942625 0.942625 0.942625
2942.256592 0.000000 873.998230 0.000000 0.848585 0.000000 0.529059 0.670841 0.670841 0.670841
2935.607910 0.000000 841.786194 0.000000 0.926288 0.000000 0.376816 0.693513 0.693513 0.693513
2936.321777 0.000000 873.299683 0.000000 0.999835 0.000000 0.018169 0.795754 0.795754 0.795754
2910.396484 0.000000 834.795410 0.000000 0.120101 0.000000 0.992762 0.391551 0.391551 0.391551
2916.369873 0.000000 835.897888 0.000000 0.588555 0.000000 -0.808457 1.048220 1.048220 1.048220
2903.722168 0.000000 839.938782 0.000000 0.504590 0.000000 -0.863359 1.047627 1.047627 1.047627
2901.705078 0.000000 836.143921 0.000000 0.055106 0.000000 -0.998480 1.205637 1.205637 1.205637
2923.573486 0.000000 870.047302 0.000000 0.884856 0.000000 -0.465865 0.930664 0.930664 0.930664
2889.564209 0.000000 840.364685 0.000000 0.989357 0.000000 -0.145505 0.842288 0.842288 0.842288
2881.677490 0.000000 856.794861 0.000000 0.958468 0.000000 0.285199 0.722020 0.722020 0.722020
2942.688477 0.000000 852.132874 0.000000 0.963277 0.000000 -0.268508 0.909673 0.909673 0.909673
2937.313232 0.000000 841.297424 0.000000 0.932132 0.000000 -0.362118 0.902867 0.902867 0.902867
2906.663086 0.000000 838.087708 0.000000 0.608948 0.000000 -0.793210 1.061632 1.061632 1.061632
2883.409912 0.000000 859.742676 0.000000 0.951350 0.000000 0.308111 0.709295 0.709295 0.709295
2932.055664 0.000000 836.336060 0.000000 0.556479 0.000000 -0.830862 1.058535 1.058535 1.058535
2890.920410 0.000000 841.770630 0.000000 0.709296 0.000000 0.704911 0.579697 0.579697 0.579697
2956.246582 0.000000 861.430664 0.000000 0.259077 0.000000 0.965857 0.739882 0.739882 0.739882
2943.848145 0.000000 878.232178 0.000000 0.950902 0.000000 0.309491 0.781775 0.781775 0.781775
2957.668213 0.000000 875.178162 0.000000 0.888837 0.000000 -0.458224 0.837076 0.837076 0.837076
2959.611816 0.000000 861.926514 0.000000 0.103071 0.000000 0.994674 0.624138 0.624138 0.624138
2957.209229 0.000000 870.748169 0.000000 0.522563 0.000000 -0.852601 0.924383 0.924383 0.924383
2961.489502 0.000000 863.833130 0.000000 0.362771 0.000000 0.931878 0.598753 0.598753 0.598753
2945.930420 0.000000 863.723877 0.000000 0.483190 0.000000 0.875516 0.327127 0.327127 0.327127
2951.421631 0.000000 863.915649 0.000000 0.982691 0.000000 -0.185250 0.836470 0.836470 0.836470
2953.138184 0.000000 873.539856 0.000000 0.712619 0.000000 -0.701551 0.924240 0.924240 0.924240
2943.677002 0.000000 868.443726 0.000000 0.997136 0.000000 -0.075633 0.822831 0.822831 0.822831
2947.672119 0.000000 853.611145 0.000000 0.974851 0.000000 0.222858 0.738954 0.738954 0.738954
2947.711182 0.000000 862.930237 0.000000 0.670849 0.000000 -0.741594 1.070310 1.070310 1.070310
2957.102539 0.000000 872.864258 0.000000 0.059197 0.000000 0.998246 0.401498 0.401498 0.401498
2949.523682 0.000000 857.949097 0.000000 0.441658 0.000000 -0.897184 1.338118 1.338118 1.338118
2947.452881 0.000000 874.572937 0.000000 0.995403 0.000000 -0.095779 0.843490 0.843490 0.843490
2944.649658 0.000000 861.287354 0.000000 0.162415 0.000000 0.986723 0.161805 0.161805 0.161805
2950.024658 0.000000 874.835266 0.000000 0.978112 0.000000 -0.208078 0.884565 0.884565 0.884565
2950.807129 0.000000 859.479980 0.000000 0.927063 0.000000 -0.374905 0.882126 0.882126 0.882126
2947.343994 0.000000 856.572571 0.000000 0.663698 0.000000 -0.748001 1.181433 1.181433 1.181433
2944.186523 0.000000 852.039429 0.000000 0.603108 0.000000 0.797659 0.425616 0.425616 0.425616
2950.608643 0.000000 856.606323 0.000000 0.646511 0.000000 -0.762904 1.129306 1.129306 1.129306
2948.361572 0.000000 861.405701 0.000000 0.441380 0.000000 0.897320 0.310666 0.310666 0.310666
2945.730957 0.000000 873.193726 0.000000 0.977563 0.000000 -0.210642 0.886047 0.886047 0.886047
4753.502930 0.000000 4019.475342 0.000000 0.395963 0.000000 -0.918266 0.832538 0.832538 0.832538
4750.880859 0.000000 4021.149902 0.000000 0.977613 0.000000 0.210411 0.780947 0.780947 0.780947
4768.561523 0.000000 4025.437256 0.000000 0.658173 0.000000 -0.752866 1.155814 1.155814 1.155814
4761.089844 0.000000 4019.722412 0.000000 0.496774 0.000000 0.867880 0.688756 0.688756 0.688756
4763.715820 0.000000 4004.362549 0.000000 0.983578 0.000000 0.180481 0.727510 0.727510 0.727510
4760.947754 0.000000 4006.512451 0.000000 0.979575 0.000000 -0.201079 0.879254 0.879254 0.879254
4763.696777 0.000000 4022.051514 0.000000 0.577018 0.000000 0.816732 0.378153 0.378153 0.378153
4770.961914 0.000000 3998.274902 0.000000 0.517549 0.000000 -0.855654 0.923047 0.923047 0.923047
4746.305176 0.000000 4024.103271 0.000000 0.347366 0.000000 0.937730 0.649420 0.649420 0.649420
4751.637695 0.000000 4026.659912 0.000000 0.974486 0.000000 0.224450 0.698723 0.698723 0.698723
4763.598633 0.000000 4011.032471 0.000000 0.908062 0.000000 -0.418835 0.998520 0.998520 0.998520
4756.605469 0.000000 4009.387451 0.000000 0.955172 0.000000 -0.296052 0.844421 0.844421 0.844421
4753.367676 0.000000 4021.980469 0.000000 0.376941 0.000000 -0.926237 0.979766 0.979766 0.979766
4746.658203 0.000000 4026.581299 0.000000 0.215942 0.000000 -0.976406 1.029716 1.029716 1.029716
4766.420410 0.000000 4000.580811 0.000000 0.964916 0.000000 -0.262558 0.884367 0.884367 0.884367
4768.911621 0.000000 4021.000000 0.000000 0.735136 0.000000 0.677919 0.480123 0.480123 0.480123
4758.398438 0.000000 4027.133789 0.000000 0.703073 0.000000 0.711118 0.673601 0.673601 0.673601
4774.954590 0.000000 4000.332764 0.000000 0.435211 0.000000 0.900328 0.591870 0.591870 0.591870
4773.493652 0.000000 4005.194092 0.000000 0.806768 0.000000 0.590869 0.592946 0.592946 0.592946
4750.626465 0.000000 4024.713867 0.000000 0.792320 0.000000 0.610106 0.540506 0.540506 0.540506
4755.457031 0.000000 4020.179932 0.000000 0.656122 0.000000 0.754654 0.639458 0.639458 0.639458
4761.512207 0.000000 4011.219238 0.000000 0.782212 0.000000 -0.623013 0.992095 0.992095 0.992095
4764.895508 0.000000 4023.625000 0.000000 0.490869 0.000000 -0.871233 1.237287 1.237287 1.237287
4761.738281 0.000000 4002.007812 0.000000 0.308382 0.000000 -0.951263 1.154070 1.154070 1.154070
4750.953613 0.000000 4031.005371 0.000000 0.886609 0.000000 -0.462520 0.940210 0.940210 0.940210
4770.179688 0.000000 4005.745850 0.000000 0.981027 0.000000 -0.193869 0.844812 0.844812 0.844812
4766.459961 0.000000 4004.752441 0.000000 0.230259 0.000000 0.973129 0.412385 0.412385 0.412385
4763.980469 0.000000 4017.535400 0.000000 0.030866 0.000000 -0.999524 1.082955 1.082955 1.082955
4751.630371 0.000000 4022.867432 0.000000 0.339871 0.000000 -0.940472 1.132473 1.132473 1.132473
4765.474609 0.000000 4021.322266 0.000000 0.137454 0.000000 0.990508 0.241938 0.241938 0.241938
4768.582031 0.000000 4023.474121 0.000000 0.878033 0.000000 -0.478600 1.023270 1.023270 1.023270
4760.638184 0.000000 4008.312012 0.000000 0.650682 0.000000 -0.759351 1.199561 1.199561 1.199561
4759.994629 0.000000 4025.334717 0.000000 0.942417 0.000000 -0.334441 0.923276 0.923276 0.923276
4767.988281 0.000000 4003.147705 0.000000 0.506844 0.000000 0.862038 0.289382 0.289382 0.289382
4753.202637 0.000000 4028.073975 0.000000 0.125358 0.000000 -0.992112 1.466718 1.466718 1.466718
4764.663086 0.000000 4000.178955 0.000000 0.780869 0.000000 -0.624695 0.971147 0.971147 0.971147
4762.656250 0.000000 4020.580078 0.000000 0.922834 0.000000 -0.385198 0.938996 0.938996 0.938996
4750.150879 0.000000 4028.479736 0.000000 0.999999 0.000000 -0.001338 0.800516 0.800516 0.800516
4762.120117 0.000000 4005.100098 0.000000 0.998641 0.000000 -0.052112 0.820825 0.820825 0.820825
4763.096191 0.000000 4023.826660 0.000000 0.921788 0.000000 -0.387695 0.975730 0.975730 0.975730
4771.893555 0.000000 4023.514893 0.000000 0.907653 0.000000 -0.419722 0.925437 0.925437 0.925437
4771.448242 0.000000 4001.643555 0.000000 0.333200 0.000000 -0.942856 1.168820 1.168820 1.168820
4767.885742 0.000000 4015.202393 0.000000 0.352756 0.000000 -0.935715 1.247186 1.247186 1.247186
4769.700684 0.000000 4003.921143 0.000000 0.348010 0.000000 0.937491 0.244139 0.244139 0.244139
4768.072266 0.000000 4001.077148 0.000000 0.391136 0.000000 0.920333 0.421789 0.421789 0.421789
4775.908203 0.000000 4004.861572 0.000000 0.998722 0.000000 -0.050533 0.815852 0.815852 0.815852
4754.404785 0.000000 4024.800781 0.000000 0.908126 0.000000 -0.418697 0.972565 0.972565 0.972565
4753.020020 0.000000 4030.298096 0.000000 0.058061 0.000000 0.998313 0.062821 0.062821 0.062821
4774.481445 0.000000 4002.014893 0.000000 0.942600 0.000000 0.333923 0.683723 0.683723 0.683723
4752.951660 0.000000 4031.021484 0.000000 0.465858 0.000000 0.884859 0.270670 0.270670 0.270670
4755.785645 0.000000 4034.646240 0.000000 0.520339 0.000000 0.853960 0.354349 0.354349 0.354349
4758.482422 0.000000 4033.730713 0.000000 0.731099 0.000000 -0.682272 0.885480 0.885480 0.885480
4759.872559 0.000000 4043.485596 0.000000 0.990512 0.000000 -0.137424 0.817897 0.817897 0.817897
4764.389648 0.000000 4041.119141 0.000000 0.997299 0.000000 -0.073455 0.828193 0.828193 0.828193
4768.979980 0.000000 4040.825928 0.000000 0.091506 0.000000 0.995805 0.238694 0.238694 0.238694
4753.829102 0.000000 4033.177490 0.000000 0.564237 0.000000 -0.825613 1.195738 1.195738 1.195738
4773.415527 0.000000 4042.152588 0.000000 0.432380 0.000000 -0.901692 1.183763 1.183763 1.183763
4756.627441 0.000000 4036.883057 0.000000 0.908474 0.000000 0.417941 0.620878 0.620878 0.620878
4768.726562 0.000000 4043.094727 0.000000 0.419088 0.000000 -0.907946 1.211516 1.211516 1.211516
4772.160156 0.000000 4040.366211 0.000000 0.148714 0.000000 -0.988880 1.424609 1.424609 1.424609
4764.203125 0.000000 4044.269775 0.000000 0.078074 0.000000 0.996948 0.495921 0.495921 0.495921
4754.840332 0.000000 4031.486816 0.000000 0.997466 0.000000 -0.071143 0.822042 0.822042 0.822042
4751.930176 0.000000 4032.854736 0.000000 0.591321 0.000000 0.806437 0.586408 0.586408 0.586408
4756.864258 0.000000 4040.721191 0.000000 0.015306 0.000000 -0.999883 1.098242 1.098242 1.098242
4768.588379 0.000000 4038.831055 0.000000 0.989433 0.000000 0.144990 0.771230 0.771230 0.771230
4753.882324 0.000000 4035.127197 0.000000 0.928554 0.000000 0.371198 0.695942 0.695942 0.695942
4760.768066 0.000000 4036.561035 0.000000 0.903660 0.000000 0.428250 0.694817 0.694817 0.694817
4772.986328 0.000000 4038.661621 0.000000 0.407536 0.000000 0.913189 0.303436 0.303436 0.303436
4756.071777 0.000000 4032.870361 0.000000 0.083277 0.000000 -0.996526 1.174313 1.174313 1.174313
4761.021484 0.000000 4042.201416 0.000000 0.265122 0.000000 -0.964215 1.166788 1.166788 1.166788
4759.495605 0.000000 4039.157471 0.000000 0.438425 0.000000 0.898768 0.273527 0.273527 0.273527
4757.478516 0.000000 4035.362549 0.000000 0.687614 0.000000 0.726076 0.491639 0.491639 0.491639
4771.497070 0.000000 4043.836182 0.000000 0.163799 0.000000 -0.986494 1.336448 1.336448 1.336448
4767.922363 0.000000 4044.666748 0.000000 0.717303 0.000000 0.696762 0.622944 0.622944 0.622944
4761.453125 0.000000 4043.883301 0.000000 0.985122 0.000000 0.171857 0.751362 0.751362 0.751362
"}
