object={
	name="tree_palm_generator_1_0"
	clamp_to_water_level=no
	render_under_water=no
	generated_content=yes
	layer="tree_high_layer"
	pdxmesh="tree_palm_01_a_mesh"
	count=29
	transform="325.522491 0.000000 2425.977783 0.000000 0.378977 0.000000 -0.925406 1.121429 1.121429 1.121429
330.322662 0.000000 2429.119873 0.000000 0.759247 0.000000 0.650802 0.599937 0.599937 0.599937
328.866760 0.000000 2426.068604 0.000000 0.180304 0.000000 -0.983611 1.032187 1.032187 1.032187
327.213928 0.000000 2428.718506 0.000000 0.554427 0.000000 0.832232 0.491081 0.491081 0.491081
323.806549 0.000000 2423.303955 0.000000 0.143858 0.000000 0.989598 0.191465 0.191465 0.191465
328.539612 0.000000 2430.520264 0.000000 0.999997 0.000000 -0.002516 0.700682 0.700682 0.700682
323.590088 0.000000 2425.341553 0.000000 0.902435 0.000000 0.430825 0.630257 0.630257 0.630257
328.893982 0.000000 2427.928955 0.000000 0.648972 0.000000 -0.760812 0.906691 0.906691 0.906691
327.186646 0.000000 2426.732178 0.000000 0.997884 0.000000 0.065016 0.681080 0.681080 0.681080
331.404419 0.000000 2430.442383 0.000000 0.115427 0.000000 -0.993316 1.045838 1.045838 1.045838
325.134003 0.000000 2424.339355 0.000000 0.524642 0.000000 -0.851323 1.063103 1.063103 1.063103
327.140991 0.000000 2431.266113 0.000000 0.607240 0.000000 0.794518 0.587032 0.587032 0.587032
326.779541 0.000000 2424.914551 0.000000 0.396329 0.000000 0.918108 0.395873 0.395873 0.395873
325.181061 0.000000 2422.360352 0.000000 0.809516 0.000000 0.587097 0.476303 0.476303 0.476303
322.167542 0.000000 2422.644043 0.000000 0.085516 0.000000 0.996337 0.170524 0.170524 0.170524
329.988586 0.000000 2430.855225 0.000000 0.981791 0.000000 0.189966 0.648162 0.648162 0.648162
322.650879 0.000000 2424.218750 0.000000 0.927253 0.000000 0.374437 0.639905 0.639905 0.639905
328.514862 0.000000 2429.193848 0.000000 0.805463 0.000000 0.592646 0.554557 0.554557 0.554557
327.360229 0.000000 2429.980469 0.000000 0.997091 0.000000 -0.076218 0.716212 0.716212 0.716212
329.897400 0.000000 2427.122559 0.000000 0.527044 0.000000 0.849838 0.457183 0.457183 0.457183
326.481079 0.000000 2427.777832 0.000000 0.407027 0.000000 -0.913416 1.034883 1.034883 1.034883
327.737244 0.000000 2425.666748 0.000000 0.512785 0.000000 -0.858517 0.969902 0.969902 0.969902
331.342529 0.000000 2432.193115 0.000000 0.999768 0.000000 0.021547 0.693583 0.693583 0.693583
328.044830 0.000000 2432.744141 0.000000 0.537356 0.000000 0.843356 0.357678 0.357678 0.357678
329.834473 0.000000 2433.410645 0.000000 0.673935 0.000000 -0.738791 0.983571 0.983571 0.983571
329.181305 0.000000 2431.547852 0.000000 0.149895 0.000000 0.988702 0.314770 0.314770 0.314770
327.109192 0.000000 2431.437012 0.000000 0.968344 0.000000 -0.249620 0.731039 0.731039 0.731039
331.696838 0.000000 2433.342529 0.000000 0.943296 0.000000 -0.331952 0.800763 0.800763 0.800763
330.172729 0.000000 2432.288818 0.000000 0.982644 0.000000 -0.185500 0.755561 0.755561 0.755561
"}
