object={
	name="tree_leaf_01_single_generator_1_0"
	clamp_to_water_level=no
	render_under_water=no
	generated_content=yes
	layer="tree_high_layer"
	pdxmesh="tree_leaf_01_single_a_mesh"
	count=86
	transform="613.277649 0.000000 1696.724121 0.000000 0.976418 0.000000 0.215889 0.680986 0.680986 0.680986
606.628540 0.000000 1712.260864 0.000000 0.072505 0.000000 0.997368 0.532430 0.532430 0.532430
601.336792 0.000000 1700.324463 0.000000 0.998750 0.000000 -0.049985 0.706292 0.706292 0.706292
605.499634 0.000000 1687.226929 0.000000 0.632787 0.000000 0.774325 0.622613 0.622613 0.622613
609.016052 0.000000 1695.853149 0.000000 0.675142 0.000000 -0.737688 0.721748 0.721748 0.721748
606.025330 0.000000 1703.166260 0.000000 0.172410 0.000000 0.985025 0.621847 0.621847 0.621847
598.148071 0.000000 1699.861938 0.000000 0.958887 0.000000 0.283788 0.675360 0.675360 0.675360
600.759460 0.000000 1697.264893 0.000000 0.951563 0.000000 -0.307454 0.717477 0.717477 0.717477
601.455566 0.000000 1703.074951 0.000000 0.917223 0.000000 0.398374 0.674222 0.674222 0.674222
602.880371 0.000000 1687.840576 0.000000 0.273522 0.000000 0.961866 0.598258 0.598258 0.598258
611.469788 0.000000 1694.837280 0.000000 0.529858 0.000000 -0.848086 0.813228 0.813228 0.813228
607.414673 0.000000 1710.087280 0.000000 0.883545 0.000000 0.468345 0.651447 0.651447 0.651447
613.436707 0.000000 1699.089478 0.000000 0.854426 0.000000 -0.519573 0.760152 0.760152 0.760152
614.001709 0.000000 1701.756592 0.000000 0.696354 0.000000 -0.717699 0.778340 0.778340 0.778340
610.848633 0.000000 1696.764771 0.000000 0.271136 0.000000 0.962541 0.575411 0.575411 0.575411
604.570312 0.000000 1711.907959 0.000000 0.590623 0.000000 -0.806947 0.780405 0.780405 0.780405
599.892944 0.000000 1699.127197 0.000000 0.731001 0.000000 -0.682376 0.764310 0.764310 0.764310
602.093567 0.000000 1689.638794 0.000000 0.029774 0.000000 -0.999557 0.853504 0.853504 0.853504
599.354980 0.000000 1685.290039 0.000000 0.498005 0.000000 -0.867174 0.817382 0.817382 0.817382
614.989136 0.000000 1698.577515 0.000000 0.278584 0.000000 0.960412 0.555890 0.555890 0.555890
604.358582 0.000000 1688.240723 0.000000 0.189464 0.000000 -0.981888 0.902606 0.902606 0.902606
630.625671 0.000000 1738.841919 0.000000 0.335583 0.000000 -0.942011 0.961938 0.961938 0.961938
627.149170 0.000000 1731.027344 0.000000 0.106026 0.000000 -0.994363 0.758868 0.758868 0.758868
614.803711 0.000000 1736.438354 0.000000 0.724941 0.000000 0.688811 0.567210 0.567210 0.567210
631.160278 0.000000 1751.359375 0.000000 0.503821 0.000000 0.863808 0.645330 0.645330 0.645330
626.078003 0.000000 1735.507690 0.000000 0.933025 0.000000 0.359812 0.673628 0.673628 0.673628
630.262878 0.000000 1736.600220 0.000000 0.822588 0.000000 -0.568637 0.762364 0.762364 0.762364
616.503723 0.000000 1737.550171 0.000000 0.821644 0.000000 -0.570001 0.822951 0.822951 0.822951
632.431274 0.000000 1749.766968 0.000000 0.025343 0.000000 -0.999679 0.862048 0.862048 0.862048
630.044556 0.000000 1749.625000 0.000000 0.633116 0.000000 0.774057 0.600992 0.600992 0.600992
631.889160 0.000000 1737.567383 0.000000 0.876975 0.000000 0.480536 0.648316 0.648316 0.648316
617.767334 0.000000 1736.576782 0.000000 0.778963 0.000000 0.627070 0.562599 0.562599 0.562599
631.607910 0.000000 1739.855347 0.000000 0.882542 0.000000 0.470234 0.595624 0.595624 0.595624
616.053406 0.000000 1736.410034 0.000000 0.821220 0.000000 0.570612 0.576898 0.576898 0.576898
696.615967 0.000000 1767.174316 0.000000 0.823206 0.000000 0.567743 0.693669 0.693669 0.693669
699.362549 0.000000 1766.198853 0.000000 0.764509 0.000000 -0.644613 0.807731 0.807731 0.807731
703.151733 0.000000 1759.174194 0.000000 0.563036 0.000000 0.826433 0.519805 0.519805 0.519805
676.670715 0.000000 1749.226440 0.000000 0.129257 0.000000 0.991611 0.271842 0.271842 0.271842
699.517212 0.000000 1764.343750 0.000000 0.087106 0.000000 -0.996199 1.005936 1.005936 1.005936
662.319336 0.000000 1745.999878 0.000000 0.341599 0.000000 0.939846 0.554762 0.554762 0.554762
698.324463 0.000000 1767.690063 0.000000 0.219524 0.000000 0.975607 0.492469 0.492469 0.492469
703.293945 0.000000 1756.418579 0.000000 0.816775 0.000000 -0.576956 0.780607 0.780607 0.780607
677.117432 0.000000 1759.062500 0.000000 0.659405 0.000000 -0.751788 0.804075 0.804075 0.804075
660.143311 0.000000 1744.209717 0.000000 0.860267 0.000000 0.509844 0.607439 0.607439 0.607439
661.735291 0.000000 1744.586792 0.000000 0.999994 0.000000 -0.003389 0.700586 0.700586 0.700586
698.209778 0.000000 1764.115845 0.000000 0.999920 0.000000 -0.012668 0.702612 0.702612 0.702612
676.770264 0.000000 1748.014038 0.000000 0.101531 0.000000 0.994832 0.263549 0.263549 0.263549
687.799377 0.000000 1762.346802 0.000000 0.947603 0.000000 -0.319451 0.776711 0.776711 0.776711
698.698242 0.000000 1765.180786 0.000000 0.441322 0.000000 0.897349 0.470333 0.470333 0.470333
677.614807 0.000000 1748.853149 0.000000 0.985125 0.000000 -0.171841 0.751307 0.751307 0.751307
703.988892 0.000000 1758.653564 0.000000 0.225302 0.000000 0.974289 0.451117 0.451117 0.451117
3898.708008 0.000000 1853.356812 0.000000 0.077552 0.000000 -0.996988 0.953115 0.953115 0.953115
619.731506 0.000000 2919.375488 0.000000 0.060624 0.000000 0.998161 0.581241 0.581241 0.581241
618.347046 0.000000 2916.630859 0.000000 0.999999 0.000000 0.001517 0.699897 0.699897 0.699897
623.026733 0.000000 2907.119385 0.000000 0.968640 0.000000 0.248468 0.593807 0.593807 0.593807
621.518127 0.000000 2917.986572 0.000000 0.605290 0.000000 0.796005 0.571285 0.571285 0.571285
622.580627 0.000000 2906.222656 0.000000 0.612895 0.000000 0.790164 0.314692 0.314692 0.314692
623.573608 0.000000 2906.269531 0.000000 0.236558 0.000000 0.971617 0.136688 0.136688 0.136688
845.326111 0.000000 2935.744873 0.000000 0.778772 0.000000 0.627306 0.579128 0.579128 0.579128
836.809875 0.000000 2932.717773 0.000000 0.230190 0.000000 0.973146 0.671930 0.671930 0.671930
844.406677 0.000000 2932.186279 0.000000 0.402931 0.000000 -0.915231 0.778794 0.778794 0.778794
840.804321 0.000000 2937.943604 0.000000 0.797984 0.000000 -0.602679 0.924956 0.924956 0.924956
842.781738 0.000000 2936.368896 0.000000 0.882880 0.000000 -0.469599 0.864877 0.864877 0.864877
842.154785 0.000000 2931.091064 0.000000 0.771497 0.000000 -0.636234 0.747001 0.747001 0.747001
843.134766 0.000000 2938.846924 0.000000 0.998945 0.000000 -0.045927 0.705058 0.705058 0.705058
843.470093 0.000000 2934.226562 0.000000 0.366624 0.000000 -0.930369 1.218095 1.218095 1.218095
840.221619 0.000000 2936.033447 0.000000 0.633887 0.000000 0.773425 0.392493 0.392493 0.392493
844.413269 0.000000 2937.437500 0.000000 0.250426 0.000000 -0.968136 0.845073 0.845073 0.845073
840.831482 0.000000 2939.803955 0.000000 0.867137 0.000000 -0.498071 0.760135 0.760135 0.760135
842.441162 0.000000 2932.836426 0.000000 0.317055 0.000000 -0.948407 1.042462 1.042462 1.042462
838.977173 0.000000 2933.565674 0.000000 0.664380 0.000000 -0.747395 0.815065 0.815065 0.815065
838.717102 0.000000 2936.789551 0.000000 0.993433 0.000000 -0.114412 0.720439 0.720439 0.720439
840.943970 0.000000 2932.448242 0.000000 0.849780 0.000000 0.527138 0.538929 0.538929 0.538929
842.243652 0.000000 2937.722168 0.000000 0.992003 0.000000 -0.126211 0.742683 0.742683 0.742683
841.567505 0.000000 2935.548096 0.000000 0.606896 0.000000 -0.794782 1.109380 1.109380 1.109380
839.814209 0.000000 2934.675293 0.000000 0.849310 0.000000 -0.527894 0.845780 0.845780 0.845780
843.937744 0.000000 2935.517578 0.000000 0.984124 0.000000 0.177482 0.622670 0.622670 0.622670
841.490295 0.000000 2936.767334 0.000000 0.277477 0.000000 -0.960732 1.148493 1.148493 1.148493
840.223755 0.000000 2933.416504 0.000000 0.999338 0.000000 0.036368 0.689447 0.689447 0.689447
842.291931 0.000000 2934.503906 0.000000 0.806848 0.000000 -0.590759 0.973909 0.973909 0.973909
843.579407 0.000000 2933.081543 0.000000 0.364762 0.000000 0.931101 0.371463 0.371463 0.371463
843.319092 0.000000 2937.329102 0.000000 0.960550 0.000000 0.278109 0.604945 0.604945 0.604945
840.502930 0.000000 2936.989502 0.000000 0.790216 0.000000 -0.612828 0.929401 0.929401 0.929401
842.917480 0.000000 2935.285645 0.000000 0.995954 0.000000 -0.089863 0.738999 0.738999 0.738999
840.668335 0.000000 2935.154053 0.000000 0.642162 0.000000 -0.766569 1.089252 1.089252 1.089252
5043.604004 0.000000 1045.479248 0.000000 0.263214 0.000000 0.964737 0.640730 0.640730 0.640730
"}
