object={
	name="tree_leaf_high_generator_2_0"
	clamp_to_water_level=no
	render_under_water=no
	generated_content=yes
	layer="tree_high_layer"
	pdxmesh="tree_leaf_01_b_mesh"
	count=100
	transform="2856.898193 0.000000 826.744873 0.000000 0.371487 0.000000 0.928438 0.360778 0.360778 0.360778
2868.023438 0.000000 825.628296 0.000000 0.566601 0.000000 -0.823992 0.429496 0.429496 0.429496
2878.610596 0.000000 830.467468 0.000000 0.888284 0.000000 0.459295 0.383321 0.383321 0.383321
2868.367188 0.000000 827.894104 0.000000 0.705954 0.000000 -0.708257 0.440476 0.440476 0.440476
2879.750488 0.000000 828.884094 0.000000 0.868399 0.000000 0.495866 0.396373 0.396373 0.396373
2921.341553 0.000000 823.372620 0.000000 0.581606 0.000000 0.813471 0.384345 0.384345 0.384345
2920.890381 0.000000 826.744873 0.000000 0.632118 0.000000 0.774872 0.375212 0.375212 0.375212
2905.460449 0.000000 830.912476 0.000000 0.959985 0.000000 -0.280053 0.410771 0.410771 0.410771
2915.626465 0.000000 827.009583 0.000000 0.338907 0.000000 -0.940820 0.499091 0.499091 0.499091
2921.572754 0.000000 831.743652 0.000000 0.891000 0.000000 -0.454004 0.422824 0.422824 0.422824
2918.611084 0.000000 827.531006 0.000000 0.599078 0.000000 -0.800691 0.461656 0.461656 0.461656
2915.101318 0.000000 831.058655 0.000000 0.437019 0.000000 -0.899452 0.464784 0.464784 0.464784
2874.066895 0.000000 845.322388 0.000000 0.593707 0.000000 0.804681 0.296810 0.296810 0.296810
2877.243408 0.000000 864.879089 0.000000 0.960206 0.000000 -0.279293 0.409611 0.409611 0.409611
2868.260986 0.000000 845.076294 0.000000 0.970562 0.000000 -0.240850 0.421983 0.421983 0.421983
2879.635742 0.000000 853.666199 0.000000 0.859458 0.000000 -0.511206 0.443136 0.443136 0.443136
2855.086182 0.000000 831.850708 0.000000 0.994815 0.000000 0.101697 0.395269 0.395269 0.395269
2878.147705 0.000000 858.853210 0.000000 0.666230 0.000000 -0.745747 0.444546 0.444546 0.444546
2859.598877 0.000000 834.507141 0.000000 0.994939 0.000000 -0.100481 0.405679 0.405679 0.405679
2874.519775 0.000000 852.141174 0.000000 0.899481 0.000000 -0.436961 0.435224 0.435224 0.435224
2869.330078 0.000000 850.206177 0.000000 0.991138 0.000000 0.132838 0.392815 0.392815 0.392815
2878.537354 0.000000 850.389526 0.000000 0.720291 0.000000 0.693672 0.337228 0.337228 0.337228
2879.556152 0.000000 868.155029 0.000000 0.925682 0.000000 -0.378302 0.427701 0.427701 0.427701
2876.310303 0.000000 855.015930 0.000000 0.966195 0.000000 -0.257814 0.414843 0.414843 0.414843
2867.558838 0.000000 848.325623 0.000000 0.380747 0.000000 -0.924679 0.471303 0.471303 0.471303
2869.989502 0.000000 840.818970 0.000000 0.711761 0.000000 -0.702421 0.441608 0.441608 0.441608
2871.635010 0.000000 850.212830 0.000000 0.317899 0.000000 -0.948125 0.478470 0.478470 0.478470
2878.141846 0.000000 869.817993 0.000000 0.573729 0.000000 -0.819045 0.468527 0.468527 0.468527
2881.150635 0.000000 847.653320 0.000000 0.647357 0.000000 -0.762187 0.505157 0.505157 0.505157
2889.323730 0.000000 842.042358 0.000000 0.852541 0.000000 0.522660 0.336292 0.336292 0.336292
2887.905273 0.000000 875.289368 0.000000 0.667939 0.000000 0.744216 0.394133 0.394133 0.394133
2886.436768 0.000000 836.484314 0.000000 0.762117 0.000000 0.647439 0.315259 0.315259 0.315259
2894.387939 0.000000 842.961975 0.000000 0.034689 0.000000 0.999398 0.226660 0.226660 0.226660
2927.501465 0.000000 840.671143 0.000000 0.985808 0.000000 0.167876 0.397558 0.397558 0.397558
2927.891113 0.000000 879.995911 0.000000 0.334214 0.000000 0.942497 0.380347 0.380347 0.380347
2903.937744 0.000000 841.720459 0.000000 0.983647 0.000000 0.180110 0.397559 0.397559 0.397559
2898.023193 0.000000 845.105042 0.000000 0.757786 0.000000 0.652504 0.387577 0.387577 0.387577
2906.594238 0.000000 881.298157 0.000000 0.102117 0.000000 0.994772 0.351606 0.351606 0.351606
2924.012939 0.000000 864.869263 0.000000 0.675472 0.000000 0.737385 0.379713 0.379713 0.379713
2923.357666 0.000000 850.473816 0.000000 0.284520 0.000000 0.958670 0.367987 0.367987 0.367987
2915.800293 0.000000 880.771118 0.000000 0.551294 0.000000 -0.834311 0.424638 0.424638 0.424638
2925.035400 0.000000 878.190796 0.000000 0.999442 0.000000 -0.033390 0.400967 0.400967 0.400967
2882.110596 0.000000 868.493774 0.000000 0.438308 0.000000 0.898825 0.291235 0.291235 0.291235
2885.703857 0.000000 853.237305 0.000000 0.890878 0.000000 -0.454242 0.445204 0.445204 0.445204
2939.089111 0.000000 870.417603 0.000000 0.259566 0.000000 -0.965725 0.527376 0.527376 0.527376
2893.691162 0.000000 856.359741 0.000000 0.993461 0.000000 -0.114175 0.411141 0.411141 0.411141
2919.078857 0.000000 868.353760 0.000000 0.987423 0.000000 -0.158100 0.415458 0.415458 0.415458
2925.494629 0.000000 852.355469 0.000000 0.167055 0.000000 -0.985948 0.451838 0.451838 0.451838
2905.243896 0.000000 839.110962 0.000000 0.779276 0.000000 0.626682 0.371255 0.371255 0.371255
2920.825928 0.000000 851.738953 0.000000 0.614463 0.000000 0.788945 0.367772 0.367772 0.367772
2905.174316 0.000000 871.278015 0.000000 0.532905 0.000000 0.846175 0.354668 0.354668 0.354668
2882.257568 0.000000 855.097656 0.000000 0.896867 0.000000 -0.442300 0.437517 0.437517 0.437517
2885.393555 0.000000 867.177490 0.000000 0.681951 0.000000 0.731398 0.329546 0.329546 0.329546
2916.110107 0.000000 871.543274 0.000000 0.974354 0.000000 -0.225020 0.418245 0.418245 0.418245
2885.577637 0.000000 862.534058 0.000000 0.602767 0.000000 -0.797917 0.449357 0.449357 0.449357
2896.980225 0.000000 842.086365 0.000000 0.546868 0.000000 -0.837219 0.477283 0.477283 0.477283
2908.824951 0.000000 878.100403 0.000000 0.964509 0.000000 0.264050 0.378385 0.378385 0.378385
2915.188477 0.000000 863.040466 0.000000 0.438412 0.000000 0.898774 0.314670 0.314670 0.314670
2890.043701 0.000000 867.260742 0.000000 0.908206 0.000000 -0.418524 0.433851 0.433851 0.433851
2933.370361 0.000000 834.839783 0.000000 0.863338 0.000000 0.504627 0.358007 0.358007 0.358007
2925.252930 0.000000 839.217529 0.000000 0.395646 0.000000 -0.918403 0.449984 0.449984 0.449984
2893.217041 0.000000 870.748169 0.000000 0.750703 0.000000 -0.660640 0.460537 0.460537 0.460537
2917.039551 0.000000 858.335632 0.000000 0.982205 0.000000 0.187813 0.383868 0.383868 0.383868
2897.837646 0.000000 867.998474 0.000000 0.181319 0.000000 -0.983424 0.510924 0.510924 0.510924
2923.245361 0.000000 862.444702 0.000000 0.604993 0.000000 -0.796230 0.468063 0.468063 0.468063
2913.206299 0.000000 841.607239 0.000000 0.878424 0.000000 0.477881 0.373630 0.373630 0.373630
2909.164062 0.000000 873.719482 0.000000 0.965106 0.000000 0.261859 0.388094 0.388094 0.388094
2940.262207 0.000000 844.240906 0.000000 0.737908 0.000000 0.674901 0.361530 0.361530 0.361530
2921.293457 0.000000 872.861023 0.000000 0.250481 0.000000 0.968122 0.309210 0.309210 0.309210
2938.071289 0.000000 836.094116 0.000000 0.598960 0.000000 -0.800779 0.465839 0.465839 0.465839
2898.055664 0.000000 833.958801 0.000000 0.408440 0.000000 -0.912785 0.469482 0.469482 0.469482
2903.036621 0.000000 870.091187 0.000000 0.992209 0.000000 0.124588 0.390457 0.390457 0.390457
2879.720215 0.000000 841.045776 0.000000 0.673303 0.000000 0.739367 0.347648 0.347648 0.347648
2925.236816 0.000000 870.486511 0.000000 0.436026 0.000000 0.899934 0.326207 0.326207 0.326207
2929.336426 0.000000 832.456238 0.000000 0.707965 0.000000 -0.706248 0.453642 0.453642 0.453642
2922.840088 0.000000 836.706665 0.000000 0.803066 0.000000 0.595891 0.350913 0.350913 0.350913
2927.456787 0.000000 877.772156 0.000000 0.999771 0.000000 -0.021393 0.401143 0.401143 0.401143
2923.093506 0.000000 866.973694 0.000000 0.209320 0.000000 -0.977847 0.476729 0.476729 0.476729
2880.434082 0.000000 853.815674 0.000000 0.291817 0.000000 0.956474 0.311533 0.311533 0.311533
2881.574463 0.000000 839.167603 0.000000 0.302165 0.000000 0.953256 0.322382 0.322382 0.322382
2953.315918 0.000000 842.042358 0.000000 0.478904 0.000000 -0.877867 0.529994 0.529994 0.529994
2961.721924 0.000000 884.241089 0.000000 0.329556 0.000000 -0.944136 0.412333 0.412333 0.412333
2984.999512 0.000000 875.320557 0.000000 0.811760 0.000000 -0.583991 0.411210 0.411210 0.411210
2952.078125 0.000000 871.722473 0.000000 0.793921 0.000000 0.608021 0.384336 0.384336 0.384336
2989.027588 0.000000 878.190796 0.000000 0.978923 0.000000 -0.204229 0.405956 0.405956 0.405956
2974.500977 0.000000 892.766663 0.000000 0.192754 0.000000 -0.981247 0.443998 0.443998 0.443998
2988.935547 0.000000 881.235352 0.000000 0.900856 0.000000 -0.434118 0.413677 0.413677 0.413677
2949.086670 0.000000 859.901794 0.000000 0.499424 0.000000 0.866358 0.297974 0.297974 0.297974
2949.696045 0.000000 853.237305 0.000000 0.969705 0.000000 0.244278 0.375973 0.375973 0.375973
2952.248047 0.000000 855.105286 0.000000 0.092518 0.000000 0.995711 0.332837 0.332837 0.332837
2951.654785 0.000000 868.890198 0.000000 0.473581 0.000000 0.880750 0.308006 0.308006 0.308006
2950.166504 0.000000 887.677063 0.000000 0.199717 0.000000 -0.979854 0.446506 0.446506 0.446506
2981.078857 0.000000 886.575378 0.000000 0.096472 0.000000 -0.995336 0.514091 0.514091 0.514091
2953.439941 0.000000 863.210938 0.000000 0.949757 0.000000 -0.312988 0.415100 0.415100 0.415100
2987.018555 0.000000 876.750488 0.000000 0.966709 0.000000 0.255879 0.389276 0.389276 0.389276
2964.824463 0.000000 874.153137 0.000000 0.017551 0.000000 -0.999846 0.480657 0.480657 0.480657
2960.078369 0.000000 874.704224 0.000000 0.361110 0.000000 0.932523 0.313623 0.313623 0.313623
2967.028809 0.000000 870.091187 0.000000 0.482210 0.000000 -0.876055 0.475163 0.475163 0.475163
2970.136475 0.000000 889.899902 0.000000 0.605015 0.000000 0.796214 0.328720 0.328720 0.328720
2951.151367 0.000000 841.269531 0.000000 0.423553 0.000000 -0.905871 0.457725 0.457725 0.457725
"}
