object={
	name="tree_cypress_01_generator_1_0"
	clamp_to_water_level=no
	render_under_water=no
	generated_content=yes
	layer="tree_high_layer"
	pdxmesh="tree_cypress_01_a_mesh"
	count=98
	transform="2852.989990 0.000000 829.242188 0.000000 0.921563 0.000000 -0.388228 1.000000 1.000000 1.000000
2852.357178 0.000000 825.832092 0.000000 0.582494 0.000000 0.812835 1.000000 1.000000 1.000000
2908.152588 0.000000 830.785828 0.000000 0.285744 0.000000 -0.958306 1.000000 1.000000 1.000000
2930.823975 0.000000 822.377991 0.000000 0.316663 0.000000 0.948538 1.000000 1.000000 1.000000
2913.899414 0.000000 828.965515 0.000000 0.561328 0.000000 -0.827594 1.000000 1.000000 1.000000
2885.226074 0.000000 831.750183 0.000000 0.156118 0.000000 -0.987738 1.000000 1.000000 1.000000
2911.851807 0.000000 831.561768 0.000000 0.386176 0.000000 0.922425 1.000000 1.000000 1.000000
2886.901367 0.000000 829.109131 0.000000 0.589761 0.000000 0.807578 1.000000 1.000000 1.000000
2935.638184 0.000000 828.113586 0.000000 0.917016 0.000000 0.398850 1.000000 1.000000 1.000000
2915.101318 0.000000 831.058655 0.000000 0.437019 0.000000 -0.899452 1.000000 1.000000 1.000000
2932.359375 0.000000 827.894104 0.000000 0.822749 0.000000 0.568405 1.000000 1.000000 1.000000
2931.453613 0.000000 829.845581 0.000000 0.927768 0.000000 0.373157 1.000000 1.000000 1.000000
2895.179932 0.000000 831.786560 0.000000 0.945164 0.000000 0.326597 1.000000 1.000000 1.000000
2933.931396 0.000000 826.884949 0.000000 0.720608 0.000000 0.693343 1.000000 1.000000 1.000000
2935.406982 0.000000 830.541565 0.000000 0.474826 0.000000 -0.880079 1.000000 1.000000 1.000000
2891.091797 0.000000 830.833008 0.000000 0.696301 0.000000 -0.717750 1.000000 1.000000 1.000000
2909.779053 0.000000 830.280945 0.000000 0.974974 0.000000 -0.222320 1.000000 1.000000 1.000000
2933.167969 0.000000 831.443848 0.000000 0.914753 0.000000 -0.404015 1.000000 1.000000 1.000000
2886.828369 0.000000 831.656616 0.000000 0.335947 0.000000 -0.941881 1.000000 1.000000 1.000000
2906.742676 0.000000 830.199219 0.000000 0.986939 0.000000 0.161097 1.000000 1.000000 1.000000
2889.676025 0.000000 831.245850 0.000000 0.868610 0.000000 -0.495497 1.000000 1.000000 1.000000
2870.709473 0.000000 832.549133 0.000000 0.562505 0.000000 0.826794 1.000000 1.000000 1.000000
2858.641357 0.000000 839.743530 0.000000 0.939621 0.000000 0.342218 1.000000 1.000000 1.000000
2851.152100 0.000000 832.359375 0.000000 0.918209 0.000000 -0.396096 1.000000 1.000000 1.000000
2863.206299 0.000000 833.224976 0.000000 0.932530 0.000000 -0.361093 1.000000 1.000000 1.000000
2853.083252 0.000000 837.541016 0.000000 0.049915 0.000000 0.998753 1.000000 1.000000 1.000000
2866.875732 0.000000 835.246094 0.000000 0.862573 0.000000 -0.505932 1.000000 1.000000 1.000000
2871.561035 0.000000 836.351196 0.000000 0.336221 0.000000 -0.941783 1.000000 1.000000 1.000000
2853.830078 0.000000 834.310791 0.000000 0.928660 0.000000 0.370932 1.000000 1.000000 1.000000
2877.535400 0.000000 835.953918 0.000000 0.993778 0.000000 0.111375 1.000000 1.000000 1.000000
2874.072266 0.000000 873.682922 0.000000 0.473624 0.000000 -0.880727 1.000000 1.000000 1.000000
2869.378174 0.000000 834.839783 0.000000 0.976202 0.000000 0.216864 1.000000 1.000000 1.000000
2863.358643 0.000000 835.701965 0.000000 0.433012 0.000000 -0.901388 1.000000 1.000000 1.000000
2865.344238 0.000000 832.456238 0.000000 0.531638 0.000000 0.846971 1.000000 1.000000 1.000000
2854.689941 0.000000 836.039490 0.000000 0.953848 0.000000 0.300290 1.000000 1.000000 1.000000
2853.220459 0.000000 839.442749 0.000000 0.930353 0.000000 0.366664 1.000000 1.000000 1.000000
2868.024658 0.000000 834.283386 0.000000 0.047115 0.000000 -0.998889 1.000000 1.000000 1.000000
2875.887451 0.000000 833.183044 0.000000 0.242372 0.000000 0.970183 1.000000 1.000000 1.000000
2918.134766 0.000000 852.470398 0.000000 0.820795 0.000000 0.571223 1.000000 1.000000 1.000000
2897.178223 0.000000 831.802673 0.000000 0.131894 0.000000 0.991264 1.000000 1.000000 1.000000
2914.628906 0.000000 835.502625 0.000000 0.085408 0.000000 -0.996346 1.000000 1.000000 1.000000
2928.188721 0.000000 856.953369 0.000000 0.049749 0.000000 0.998762 1.000000 1.000000 1.000000
2894.055664 0.000000 833.364868 0.000000 0.602411 0.000000 0.798186 1.000000 1.000000 1.000000
2917.268799 0.000000 855.395142 0.000000 0.567235 0.000000 0.823556 1.000000 1.000000 1.000000
2920.124268 0.000000 854.478333 0.000000 0.301624 0.000000 -0.953427 1.000000 1.000000 1.000000
2918.620361 0.000000 849.645630 0.000000 0.974279 0.000000 0.225345 1.000000 1.000000 1.000000
2940.526855 0.000000 885.258972 0.000000 0.990195 0.000000 0.139694 1.000000 1.000000 1.000000
2915.800049 0.000000 851.154541 0.000000 0.951719 0.000000 -0.306971 1.000000 1.000000 1.000000
2926.745361 0.000000 859.619385 0.000000 0.867121 0.000000 -0.498098 1.000000 1.000000 1.000000
2916.397217 0.000000 853.445190 0.000000 0.541688 0.000000 0.840580 1.000000 1.000000 1.000000
2914.031738 0.000000 833.819397 0.000000 0.295403 0.000000 0.955373 1.000000 1.000000 1.000000
2888.868652 0.000000 831.938538 0.000000 0.773360 0.000000 -0.633967 1.000000 1.000000 1.000000
2919.682617 0.000000 852.852966 0.000000 0.641495 0.000000 -0.767127 1.000000 1.000000 1.000000
2914.238770 0.000000 851.240112 0.000000 0.647337 0.000000 -0.762204 1.000000 1.000000 1.000000
2923.440186 0.000000 854.953430 0.000000 0.485391 0.000000 0.874297 1.000000 1.000000 1.000000
2914.154541 0.000000 853.751221 0.000000 0.418501 0.000000 -0.908216 1.000000 1.000000 1.000000
2921.925049 0.000000 851.099060 0.000000 0.667949 0.000000 -0.744207 1.000000 1.000000 1.000000
2915.343750 0.000000 853.779846 0.000000 0.539348 0.000000 -0.842083 1.000000 1.000000 1.000000
2918.188721 0.000000 850.636658 0.000000 0.414492 0.000000 -0.910053 1.000000 1.000000 1.000000
2920.975830 0.000000 850.735535 0.000000 0.486739 0.000000 0.873547 1.000000 1.000000 1.000000
2966.614014 0.000000 863.228760 0.000000 0.936293 0.000000 0.351219 1.000000 1.000000 1.000000
2955.022217 0.000000 832.583740 0.000000 0.965388 0.000000 0.260816 1.000000 1.000000 1.000000
2983.962158 0.000000 893.737488 0.000000 0.274310 0.000000 0.961641 1.000000 1.000000 1.000000
2960.707031 0.000000 849.214478 0.000000 0.873464 0.000000 -0.486889 1.000000 1.000000 1.000000
2968.655762 0.000000 854.129028 0.000000 0.999558 0.000000 -0.029733 1.000000 1.000000 1.000000
2988.856201 0.000000 868.186401 0.000000 0.879235 0.000000 -0.476388 1.000000 1.000000 1.000000
2955.498291 0.000000 847.225464 0.000000 0.901713 0.000000 -0.432335 1.000000 1.000000 1.000000
2967.122070 0.000000 837.099854 0.000000 0.883340 0.000000 0.468733 1.000000 1.000000 1.000000
2949.218262 0.000000 895.734558 0.000000 0.092344 0.000000 -0.995727 1.000000 1.000000 1.000000
2965.143066 0.000000 858.060974 0.000000 0.544056 0.000000 -0.839049 1.000000 1.000000 1.000000
2981.624512 0.000000 889.221741 0.000000 0.995657 0.000000 0.093102 1.000000 1.000000 1.000000
2971.209229 0.000000 864.047180 0.000000 0.274615 0.000000 0.961554 1.000000 1.000000 1.000000
2991.814697 0.000000 871.245605 0.000000 0.899841 0.000000 0.436217 1.000000 1.000000 1.000000
2972.350830 0.000000 890.493713 0.000000 0.875552 0.000000 -0.483124 1.000000 1.000000 1.000000
2960.249023 0.000000 854.817078 0.000000 0.221981 0.000000 0.975051 1.000000 1.000000 1.000000
2975.843994 0.000000 895.546143 0.000000 0.753530 0.000000 0.657413 1.000000 1.000000 1.000000
2984.882568 0.000000 890.729248 0.000000 0.939289 0.000000 0.343127 1.000000 1.000000 1.000000
2968.159912 0.000000 857.110901 0.000000 0.849790 0.000000 0.527122 1.000000 1.000000 1.000000
2962.381104 0.000000 837.839844 0.000000 0.840378 0.000000 -0.542001 1.000000 1.000000 1.000000
2966.955078 0.000000 860.331726 0.000000 0.990693 0.000000 0.136116 1.000000 1.000000 1.000000
2962.477783 0.000000 856.687744 0.000000 0.330238 0.000000 -0.943898 1.000000 1.000000 1.000000
2969.444336 0.000000 846.330505 0.000000 0.946112 0.000000 0.323840 1.000000 1.000000 1.000000
2960.682129 0.000000 852.034302 0.000000 0.916950 0.000000 -0.399002 1.000000 1.000000 1.000000
2965.968750 0.000000 839.720581 0.000000 0.185253 0.000000 0.982691 1.000000 1.000000 1.000000
2971.987061 0.000000 861.325562 0.000000 0.495261 0.000000 -0.868744 1.000000 1.000000 1.000000
2958.188477 0.000000 837.058411 0.000000 0.963745 0.000000 -0.266825 1.000000 1.000000 1.000000
2948.974365 0.000000 892.324585 0.000000 0.202335 0.000000 0.979316 1.000000 1.000000 1.000000
2967.883301 0.000000 893.614868 0.000000 0.448926 0.000000 -0.893569 1.000000 1.000000 1.000000
2969.804443 0.000000 857.841858 0.000000 0.669286 0.000000 0.743005 1.000000 1.000000 1.000000
2992.528564 0.000000 865.867615 0.000000 0.686519 0.000000 0.727112 1.000000 1.000000 1.000000
2972.694580 0.000000 892.413818 0.000000 0.513057 0.000000 0.858355 1.000000 1.000000 1.000000
2975.994141 0.000000 893.695740 0.000000 0.990836 0.000000 0.135070 1.000000 1.000000 1.000000
2967.571289 0.000000 861.824097 0.000000 0.149238 0.000000 -0.988801 1.000000 1.000000 1.000000
2969.671875 0.000000 844.664612 0.000000 0.741585 0.000000 -0.670859 1.000000 1.000000 1.000000
2956.805420 0.000000 836.214844 0.000000 0.568317 0.000000 0.822810 1.000000 1.000000 1.000000
2962.017334 0.000000 852.865540 0.000000 0.965337 0.000000 -0.261007 1.000000 1.000000 1.000000
2961.356445 0.000000 850.594482 0.000000 0.297435 0.000000 -0.954742 1.000000 1.000000 1.000000
2963.536377 0.000000 836.821716 0.000000 0.695166 0.000000 -0.718849 1.000000 1.000000 1.000000
"}
object={
	name="tree_cypress_01_generator_1_1"
	clamp_to_water_level=no
	render_under_water=no
	generated_content=yes
	layer="tree_high_layer"
	pdxmesh="tree_cypress_01_b_mesh"
	count=82
	transform="2849.907227 0.000000 828.965515 0.000000 0.448444 0.000000 -0.893811 1.000000 1.000000 1.000000
2853.640137 0.000000 825.237366 0.000000 0.954557 0.000000 -0.298029 1.000000 1.000000 1.000000
2850.563721 0.000000 823.509399 0.000000 0.990942 0.000000 0.134291 1.000000 1.000000 1.000000
2851.109131 0.000000 831.058655 0.000000 0.335043 0.000000 0.942203 1.000000 1.000000 1.000000
2852.127930 0.000000 824.296143 0.000000 0.919698 0.000000 -0.392626 1.000000 1.000000 1.000000
2890.010254 0.000000 829.510376 0.000000 0.900324 0.000000 -0.435221 1.000000 1.000000 1.000000
2933.637451 0.000000 829.878723 0.000000 0.998885 0.000000 0.047202 1.000000 1.000000 1.000000
2893.347900 0.000000 830.676575 0.000000 0.970999 0.000000 -0.239082 1.000000 1.000000 1.000000
2905.460449 0.000000 830.912476 0.000000 0.959985 0.000000 -0.280053 1.000000 1.000000 1.000000
2888.227051 0.000000 830.910889 0.000000 0.285233 0.000000 0.958458 1.000000 1.000000 1.000000
2930.331055 0.000000 826.428589 0.000000 0.388523 0.000000 -0.921439 1.000000 1.000000 1.000000
2928.919678 0.000000 826.909973 0.000000 0.853394 0.000000 -0.521266 1.000000 1.000000 1.000000
2851.178955 0.000000 842.941772 0.000000 0.982792 0.000000 0.184715 1.000000 1.000000 1.000000
2877.966553 0.000000 871.942078 0.000000 0.814818 0.000000 -0.579717 1.000000 1.000000 1.000000
2874.033691 0.000000 833.765198 0.000000 0.554429 0.000000 0.832231 1.000000 1.000000 1.000000
2850.854248 0.000000 839.683228 0.000000 0.349385 0.000000 -0.936979 1.000000 1.000000 1.000000
2853.650146 0.000000 842.933716 0.000000 0.993294 0.000000 0.115619 1.000000 1.000000 1.000000
2875.991943 0.000000 834.555603 0.000000 0.952297 0.000000 0.305173 1.000000 1.000000 1.000000
2853.133301 0.000000 832.437622 0.000000 0.318629 0.000000 0.947880 1.000000 1.000000 1.000000
2854.804443 0.000000 838.243591 0.000000 0.981657 0.000000 0.190654 1.000000 1.000000 1.000000
2852.377686 0.000000 835.897888 0.000000 0.541238 0.000000 -0.840869 1.000000 1.000000 1.000000
2850.725586 0.000000 841.442261 0.000000 0.860753 0.000000 0.509023 1.000000 1.000000 1.000000
2854.928223 0.000000 842.299316 0.000000 0.520997 0.000000 0.853559 1.000000 1.000000 1.000000
2891.030029 0.000000 832.583740 0.000000 0.436864 0.000000 -0.899527 1.000000 1.000000 1.000000
2941.815674 0.000000 882.883057 0.000000 0.934263 0.000000 0.356584 1.000000 1.000000 1.000000
2922.855713 0.000000 853.576599 0.000000 0.919034 0.000000 -0.394179 1.000000 1.000000 1.000000
2943.007080 0.000000 887.866699 0.000000 0.902111 0.000000 0.431505 1.000000 1.000000 1.000000
2905.106445 0.000000 833.459412 0.000000 0.999876 0.000000 -0.015741 1.000000 1.000000 1.000000
2922.555176 0.000000 856.413818 0.000000 0.574958 0.000000 0.818183 1.000000 1.000000 1.000000
2914.860840 0.000000 854.812683 0.000000 0.920707 0.000000 0.390254 1.000000 1.000000 1.000000
2907.044678 0.000000 831.917847 0.000000 0.516322 0.000000 -0.856394 1.000000 1.000000 1.000000
2926.839355 0.000000 855.570496 0.000000 0.062182 0.000000 0.998065 1.000000 1.000000 1.000000
2889.521973 0.000000 833.801270 0.000000 0.999040 0.000000 0.043813 1.000000 1.000000 1.000000
2892.869873 0.000000 831.891418 0.000000 0.862220 0.000000 0.506534 1.000000 1.000000 1.000000
2920.445557 0.000000 849.889648 0.000000 0.246908 0.000000 0.969039 1.000000 1.000000 1.000000
2933.055420 0.000000 833.127075 0.000000 0.490936 0.000000 -0.871195 1.000000 1.000000 1.000000
2923.746582 0.000000 852.138367 0.000000 0.697877 0.000000 -0.716218 1.000000 1.000000 1.000000
2926.735596 0.000000 857.846069 0.000000 0.943413 0.000000 0.331620 1.000000 1.000000 1.000000
2915.039795 0.000000 852.580078 0.000000 0.768167 0.000000 -0.640249 1.000000 1.000000 1.000000
2908.702148 0.000000 832.000732 0.000000 0.164464 0.000000 -0.986383 1.000000 1.000000 1.000000
2922.278809 0.000000 852.232056 0.000000 0.275558 0.000000 -0.961284 1.000000 1.000000 1.000000
2916.027100 0.000000 855.247559 0.000000 0.058074 0.000000 0.998312 1.000000 1.000000 1.000000
2964.606689 0.000000 890.843140 0.000000 0.344738 0.000000 0.938699 1.000000 1.000000 1.000000
2995.337402 0.000000 868.631287 0.000000 0.850781 0.000000 0.525521 1.000000 1.000000 1.000000
2949.202148 0.000000 890.352905 0.000000 0.865856 0.000000 0.500293 1.000000 1.000000 1.000000
2963.279297 0.000000 840.820496 0.000000 0.984415 0.000000 -0.175864 1.000000 1.000000 1.000000
2989.778320 0.000000 862.083252 0.000000 0.872511 0.000000 -0.488594 1.000000 1.000000 1.000000
2972.144775 0.000000 894.770203 0.000000 0.185477 0.000000 0.982649 1.000000 1.000000 1.000000
2963.516357 0.000000 853.275696 0.000000 0.734365 0.000000 -0.678755 1.000000 1.000000 1.000000
2993.541748 0.000000 864.482788 0.000000 0.358868 0.000000 -0.933388 1.000000 1.000000 1.000000
2974.366943 0.000000 875.990906 0.000000 0.954163 0.000000 -0.299286 1.000000 1.000000 1.000000
2966.123779 0.000000 894.504333 0.000000 0.093511 0.000000 -0.995618 1.000000 1.000000 1.000000
2947.125732 0.000000 893.098511 0.000000 0.694554 0.000000 -0.719441 1.000000 1.000000 1.000000
2992.161865 0.000000 867.637085 0.000000 0.265235 0.000000 0.964184 1.000000 1.000000 1.000000
2988.005127 0.000000 864.869263 0.000000 0.188971 0.000000 -0.981983 1.000000 1.000000 1.000000
2950.893555 0.000000 893.093506 0.000000 0.791906 0.000000 0.610643 1.000000 1.000000 1.000000
2957.558594 0.000000 849.381653 0.000000 0.589442 0.000000 -0.807811 1.000000 1.000000 1.000000
2965.885742 0.000000 854.998596 0.000000 0.998377 0.000000 0.056955 1.000000 1.000000 1.000000
2968.025635 0.000000 874.806213 0.000000 0.505028 0.000000 -0.863103 1.000000 1.000000 1.000000
2969.166504 0.000000 871.278015 0.000000 0.999912 0.000000 0.013263 1.000000 1.000000 1.000000
2990.833740 0.000000 864.914062 0.000000 0.668806 0.000000 0.743437 1.000000 1.000000 1.000000
2969.151123 0.000000 862.265808 0.000000 0.992594 0.000000 0.121476 1.000000 1.000000 1.000000
2971.950439 0.000000 866.512817 0.000000 0.178522 0.000000 -0.983936 1.000000 1.000000 1.000000
2971.817383 0.000000 875.798035 0.000000 0.866653 0.000000 0.498911 1.000000 1.000000 1.000000
2968.091309 0.000000 844.266907 0.000000 0.007064 0.000000 -0.999975 1.000000 1.000000 1.000000
2982.603271 0.000000 891.515381 0.000000 0.227593 0.000000 -0.973756 1.000000 1.000000 1.000000
2964.846191 0.000000 837.664246 0.000000 0.636581 0.000000 -0.771210 1.000000 1.000000 1.000000
2994.299561 0.000000 866.619629 0.000000 0.990937 0.000000 0.134330 1.000000 1.000000 1.000000
2966.617188 0.000000 891.899475 0.000000 0.776542 0.000000 -0.630066 1.000000 1.000000 1.000000
2958.760986 0.000000 851.145508 0.000000 0.804195 0.000000 0.594365 1.000000 1.000000 1.000000
2963.868164 0.000000 855.140625 0.000000 0.971743 0.000000 -0.236042 1.000000 1.000000 1.000000
2962.062988 0.000000 854.486938 0.000000 0.715263 0.000000 -0.698855 1.000000 1.000000 1.000000
2959.134521 0.000000 848.366821 0.000000 0.647509 0.000000 0.762058 1.000000 1.000000 1.000000
2968.194092 0.000000 858.925720 0.000000 0.040446 0.000000 0.999182 1.000000 1.000000 1.000000
2969.239990 0.000000 842.982666 0.000000 0.764378 0.000000 -0.644768 1.000000 1.000000 1.000000
2949.403809 0.000000 893.978760 0.000000 0.779436 0.000000 -0.626482 1.000000 1.000000 1.000000
2964.529785 0.000000 859.578552 0.000000 0.462412 0.000000 0.886665 1.000000 1.000000 1.000000
2964.170654 0.000000 856.790894 0.000000 0.971290 0.000000 0.237898 1.000000 1.000000 1.000000
2968.654297 0.000000 860.712036 0.000000 0.893157 0.000000 -0.449745 1.000000 1.000000 1.000000
2959.341064 0.000000 849.800720 0.000000 0.340548 0.000000 0.940227 1.000000 1.000000 1.000000
2966.215576 0.000000 861.587097 0.000000 0.634181 0.000000 0.773184 1.000000 1.000000 1.000000
2967.489746 0.000000 895.937744 0.000000 0.511470 0.000000 -0.859301 1.000000 1.000000 1.000000
"}
object={
	name="tree_cypress_01_generator_1_2"
	clamp_to_water_level=no
	render_under_water=no
	generated_content=yes
	layer="tree_high_layer"
	pdxmesh="tree_cypress_01_c_mesh"
	count=55
	transform="2855.977783 0.000000 829.753113 0.000000 0.747314 0.000000 0.664471 1.000000 1.000000 1.000000
2873.176025 0.000000 830.146973 0.000000 0.808707 0.000000 0.588212 1.000000 1.000000 1.000000
2863.364502 0.000000 830.013672 0.000000 0.100284 0.000000 -0.994959 1.000000 1.000000 1.000000
2853.094482 0.000000 822.591003 0.000000 0.475343 0.000000 -0.879801 1.000000 1.000000 1.000000
2935.302490 0.000000 825.562988 0.000000 0.387484 0.000000 0.921876 1.000000 1.000000 1.000000
2902.131592 0.000000 830.519958 0.000000 0.845703 0.000000 0.533654 1.000000 1.000000 1.000000
2932.015625 0.000000 825.628296 0.000000 0.933284 0.000000 -0.359138 1.000000 1.000000 1.000000
2927.528076 0.000000 826.437805 0.000000 0.043540 0.000000 0.999052 1.000000 1.000000 1.000000
2929.473389 0.000000 824.752014 0.000000 0.036443 0.000000 0.999336 1.000000 1.000000 1.000000
2931.586426 0.000000 826.889648 0.000000 0.979471 0.000000 0.201583 1.000000 1.000000 1.000000
2892.275146 0.000000 831.198425 0.000000 0.828005 0.000000 0.560721 1.000000 1.000000 1.000000
2872.350342 0.000000 871.393127 0.000000 0.248967 0.000000 0.968512 1.000000 1.000000 1.000000
2877.303467 0.000000 832.603394 0.000000 0.247373 0.000000 0.968920 1.000000 1.000000 1.000000
2855.891113 0.000000 843.831848 0.000000 0.549886 0.000000 0.835240 1.000000 1.000000 1.000000
2854.530273 0.000000 840.657166 0.000000 0.702904 0.000000 0.711285 1.000000 1.000000 1.000000
2856.324707 0.000000 837.086243 0.000000 0.657834 0.000000 0.753163 1.000000 1.000000 1.000000
2850.636719 0.000000 835.502625 0.000000 0.691315 0.000000 0.722553 1.000000 1.000000 1.000000
2853.245605 0.000000 845.529175 0.000000 0.195924 0.000000 0.980619 1.000000 1.000000 1.000000
2875.096924 0.000000 870.417603 0.000000 0.744005 0.000000 -0.668174 1.000000 1.000000 1.000000
2849.214111 0.000000 841.607239 0.000000 0.764354 0.000000 -0.644796 1.000000 1.000000 1.000000
2869.475342 0.000000 837.105774 0.000000 0.804333 0.000000 0.594179 1.000000 1.000000 1.000000
2856.319580 0.000000 839.406067 0.000000 0.592685 0.000000 -0.805434 1.000000 1.000000 1.000000
2852.394531 0.000000 841.147400 0.000000 0.961636 0.000000 0.274327 1.000000 1.000000 1.000000
2856.230225 0.000000 841.768921 0.000000 0.095785 0.000000 -0.995402 1.000000 1.000000 1.000000
2871.702637 0.000000 834.357483 0.000000 0.626664 0.000000 0.779289 1.000000 1.000000 1.000000
2874.058838 0.000000 871.908752 0.000000 0.786747 0.000000 0.617276 1.000000 1.000000 1.000000
2855.937500 0.000000 835.078064 0.000000 0.537200 0.000000 -0.843455 1.000000 1.000000 1.000000
2936.288574 0.000000 884.151001 0.000000 0.999443 0.000000 0.033371 1.000000 1.000000 1.000000
2938.832764 0.000000 887.358093 0.000000 0.999928 0.000000 -0.012035 1.000000 1.000000 1.000000
2887.732178 0.000000 833.134766 0.000000 0.209845 0.000000 -0.977735 1.000000 1.000000 1.000000
2941.043213 0.000000 887.325806 0.000000 0.325412 0.000000 -0.945572 1.000000 1.000000 1.000000
2913.257568 0.000000 832.318665 0.000000 0.015798 0.000000 0.999875 1.000000 1.000000 1.000000
2921.225342 0.000000 853.305603 0.000000 0.648928 0.000000 -0.760850 1.000000 1.000000 1.000000
2886.796631 0.000000 831.827698 0.000000 0.704016 0.000000 0.710184 1.000000 1.000000 1.000000
2916.496826 0.000000 852.232727 0.000000 0.999910 0.000000 -0.013403 1.000000 1.000000 1.000000
2915.291504 0.000000 855.988403 0.000000 0.655722 0.000000 0.755002 1.000000 1.000000 1.000000
2917.341309 0.000000 853.071838 0.000000 0.660009 0.000000 -0.751257 1.000000 1.000000 1.000000
2989.529785 0.000000 875.097473 0.000000 0.207305 0.000000 0.978276 1.000000 1.000000 1.000000
2966.368164 0.000000 846.116577 0.000000 0.996852 0.000000 -0.079290 1.000000 1.000000 1.000000
2977.891602 0.000000 892.949890 0.000000 0.997533 0.000000 -0.070194 1.000000 1.000000 1.000000
2955.743896 0.000000 837.403198 0.000000 0.876579 0.000000 -0.481259 1.000000 1.000000 1.000000
2967.929932 0.000000 841.720459 0.000000 0.992794 0.000000 -0.119831 1.000000 1.000000 1.000000
2973.736084 0.000000 871.369446 0.000000 0.275250 0.000000 -0.961373 1.000000 1.000000 1.000000
2970.969238 0.000000 843.689514 0.000000 0.940428 0.000000 -0.339994 1.000000 1.000000 1.000000
2958.796387 0.000000 846.426208 0.000000 0.504904 0.000000 0.863175 1.000000 1.000000 1.000000
2974.500977 0.000000 892.766663 0.000000 0.192754 0.000000 -0.981247 1.000000 1.000000 1.000000
2992.260254 0.000000 873.813538 0.000000 0.998279 0.000000 -0.058648 1.000000 1.000000 1.000000
2964.830078 0.000000 861.197998 0.000000 0.603429 0.000000 0.797417 1.000000 1.000000 1.000000
2990.948730 0.000000 869.408997 0.000000 0.259665 0.000000 -0.965699 1.000000 1.000000 1.000000
2990.348877 0.000000 866.847229 0.000000 0.911218 0.000000 -0.411924 1.000000 1.000000 1.000000
2963.750244 0.000000 839.075439 0.000000 0.303372 0.000000 -0.952872 1.000000 1.000000 1.000000
2966.412842 0.000000 856.754517 0.000000 0.755606 0.000000 -0.655027 1.000000 1.000000 1.000000
2966.720703 0.000000 858.315674 0.000000 0.428590 0.000000 0.903499 1.000000 1.000000 1.000000
2990.327881 0.000000 871.387512 0.000000 0.924208 0.000000 0.381890 1.000000 1.000000 1.000000
2966.267578 0.000000 893.155579 0.000000 0.729305 0.000000 -0.684188 1.000000 1.000000 1.000000
"}
